 12  3   1   2   3  3   0   2   4  3   0   1   5  3   0   6   7  3   1   8   9  3   2   7   6  3   3   5   7  3   3   6   5  3   4  10  11  3   4  11  10  3   8   9  11  3   8  10   9 
 12  3   1   2   3  3   0   3   2  3   0   1   4  3   0   4   1  3   2   3   5  3   4   6   7  3   5   8   7  3   5   6   9  3   6  10  11  3   7  11  10  3   8   9  11  3   8  10   9 
 12  3   1   2   3  3   0   3   2  3   0   1   4  3   0   4   1  3   2   3   5  3   4   6   7  3   5   8   9  3   5  10  11  3   6  11   9  3   6   8  10  3   7   9  11  3   7  10   8 
 12  3   1   2   3  3   0   3   2  3   0   1   4  3   0   4   1  3   2   3   5  3   4   6   7  3   5   8   9  3   5  10   8  3   6   7  11  3   6  11  10  3   7   9  11  3   8  10   9 
 12  3   1   2   3  3   0   3   2  3   0   1   4  3   0   4   1  3   2   3   5  3   4   6   7  3   5   8   9  3   5   9  10  3   6  10  11  3   6  11   7  3   7  11   8  3   8  10   9 
 12  3   1   2   3  3   0   3   2  3   0   1   4  3   0   5   1  3   2   5   6  3   3   7   4  3   4   7   8  3   5   9   6  3   6  10  11  3   7  11  10  3   8   9  11  3   8  10   9 
 12  3   1   2   3  3   0   3   2  3   0   1   4  3   0   5   1  3   2   5   6  3   3   7   4  3   4   8   7  3   5   6   9  3   6  10  11  3   7  11  10  3   8   9  11  3   8  10   9 
 12  3   1   2   3  3   0   3   2  3   0   1   4  3   0   5   1  3   2   5   6  3   3   7   4  3   4   8   9  3   5  10  11  3   6  11   9  3   6   8  10  3   7   9  11  3   7  10   8 
 12  3   1   2   3  3   0   3   2  3   0   1   4  3   0   5   1  3   2   5   6  3   3   7   4  3   4   8   9  3   5  10   8  3   6   7  11  3   6  11  10  3   7   9  11  3   8  10   9 
 12  3   1   2   3  3   0   3   2  3   0   1   4  3   0   5   1  3   2   5   6  3   3   7   4  3   4   8   9  3   5   9  10  3   6  10  11  3   6  11   7  3   7  11   8  3   8  10   9 
 12  3   1   2   3  3   0   3   2  3   0   1   4  3   0   5   1  3   2   6   7  3   3   7   6  3   4   5   8  3   4   9   5  3   6  10  11  3   7  11  10  3   8   9  11  3   8  10   9 
 12  3   1   2   3  3   0   3   2  3   0   1   4  3   0   5   1  3   2   6   7  3   3   7   8  3   4   8   9  3   4  10   5  3   5  11   6  3   6  11  10  3   7   9  11  3   8  10   9 
 12  3   1   2   3  3   0   3   2  3   0   1   4  3   0   5   1  3   2   6   7  3   3   7   8  3   4   9  10  3   4  10   5  3   5  11   9  3   6   8  11  3   6  11   7  3   8  10   9 
 12  3   1   2   3  3   0   3   2  3   0   1   4  3   0   5   1  3   2   6   7  3   3   7   8  3   4   9   7  3   4   6   5  3   5  10  11  3   6  11  10  3   8   9  11  3   8  10   9 
 12  3   1   2   3  3   0   3   2  3   0   1   4  3   0   5   1  3   2   6   7  3   3   8   9  3   4  10   7  3   4   6  10  3   5  11   9  3   5   8  11  3   6  11   7  3   8  10   9 
 12  3   1   2   3  3   0   3   2  3   0   1   4  3   0   5   1  3   2   6   7  3   3   8   9  3   4  10   7  3   4   6  11  3   5  11   9  3   5   8  10  3   6   9  11  3   7  10   8 
 12  3   1   2   3  3   0   3   2  3   0   1   4  3   0   5   1  3   2   6   7  3   3   8   9  3   4   9  10  3   4  10   8  3   5   7  11  3   5  11   6  3   6  11   7  3   8  10   9 
 12  3   1   2   3  3   0   3   2  3   0   1   4  3   0   5   1  3   2   6   7  3   3   8   9  3   4   9  10  3   4  11   8  3   5   7  11  3   5  10   6  3   6   9  11  3   7  10   8 
 12  3   1   2   3  3   0   3   2  3   0   1   4  3   0   5   1  3   2   6   7  3   3   8   9  3   4   9   7  3   4   6  10  3   5  10  11  3   5  11   6  3   7  11   8  3   8  10   9 
 12  3   1   2   3  3   0   3   4  3   0   4   5  3   0   5   1  3   1   6   2  3   2   7   3  3   4   8   9  3   5  10  11  3   6  11   9  3   6   8  10  3   7   9  11  3   7  10   8 
 12  3   1   2   3  3   0   3   4  3   0   4   5  3   0   5   1  3   1   6   2  3   2   7   3  3   4   8   9  3   5  10   8  3   6   7  11  3   6  11  10  3   7   9  11  3   8  10   9 
 12  3   1   2   3  3   0   3   4  3   0   4   5  3   0   5   1  3   1   6   2  3   2   7   3  3   4   8   9  3   5   9  10  3   6  10  11  3   6  11   7  3   7  11   8  3   8  10   9 
 12  3   1   2   3  3   0   3   4  3   0   4   5  3   0   6   1  3   1   5   2  3   2   4   7  3   3   8   9  3   5  10  11  3   6  11   9  3   6   8  10  3   7   9  11  3   7  10   8 
 12  3   1   2   3  3   0   3   4  3   0   4   5  3   0   6   1  3   1   7   2  3   2   7   8  3   3   8   9  3   4  10   5  3   5  11   6  3   6  11  10  3   7   9  11  3   8  10   9 
 12  3   1   2   3  3   0   3   4  3   0   4   5  3   0   6   1  3   1   7   2  3   2   7   8  3   3   9  10  3   4  11   5  3   5  11   9  3   6   8  10  3   6   9  11  3   7  10   8 
 12  3   1   2   3  3   0   3   4  3   0   4   5  3   0   6   1  3   1   7   2  3   2   8   6  3   3   5   9  3   4  10   8  3   5   7  11  3   6  11  10  3   7   9  11  3   8  10   9 
 12  3   1   2   3  3   0   3   4  3   0   4   5  3   0   6   1  3   1   7   2  3   2   8   6  3   3   5   9  3   4   9  10  3   5  10  11  3   6  11   7  3   7  11   8  3   8  10   9 
 12  3   1   2   3  3   0   3   4  3   0   4   5  3   0   6   1  3   1   7   2  3   2   8   9  3   3   9  10  3   4  10  11  3   5  11   9  3   5   8   6  3   6  11   7  3   7  10   8 
 12  3   1   2   3  3   0   3   4  3   0   4   5  3   0   6   1  3   1   7   2  3   2   8   9  3   3   9  10  3   4  10   8  3   5   7  11  3   5  11   6  3   6  11   7  3   8  10   9 
 12  3   1   2   3  3   0   3   4  3   0   4   5  3   0   6   1  3   1   7   2  3   2   8   9  3   3   9  10  3   4  11   8  3   5   7  11  3   5  10   6  3   6   9  11  3   7  10   8 
 12  3   1   2   3  3   0   3   4  3   0   5   6  3   0   7   1  3   1   8   5  3   2   4   9  3   2  10   7  3   3   6   8  3   4   7  11  3   5  11  10  3   6   9  11  3   8  10   9 
 12  3   1   2   3  3   0   3   4  3   0   5   6  3   0   7   1  3   1   8   5  3   2   4   9  3   2   9  10  3   3  10  11  3   4  11   9  3   5   8   6  3   6  11   7  3   7  10   8 
 12  3   1   2   3  3   0   3   4  3   0   5   6  3   0   7   1  3   1   8   5  3   2   4   9  3   2   9  10  3   3  10   8  3   4   7  11  3   5  11   6  3   6  11   7  3   8  10   9 
 12  3   1   2   3  3   0   3   4  3   0   5   6  3   0   7   1  3   1   8   5  3   2   4   9  3   2   9   7  3   3   6  10  3   4  10  11  3   5  11   6  3   7  11   8  3   8  10   9 
 12  3   1   2   3  3   0   3   4  3   0   5   6  3   0   7   1  3   1   8   9  3   2   9   6  3   2   5  10  3   3  10  11  3   4  11   9  3   4   8   5  3   6  11   7  3   7  10   8 
 12  3   1   2   3  3   0   4   5  3   0   5   6  3   0   6   7  3   1   7   8  3   1   9   2  3   2  10   3  3   3  11   4  3   4  11   9  3   5   8  10  3   6   9  11  3   7  10   8 
 12  3   1   2   3  3   0   4   5  3   0   5   6  3   0   6   7  3   1   8   9  3   1   9   2  3   2  10   3  3   3  10   8  3   4   7  11  3   4  11   5  3   6  11   7  3   8  10   9 
